1 0.873317 0.472436 0.073077 0.168590
1 0.664062 0.348878 0.093029 0.115705
1 0.600721 0.403846 0.072115 0.138462
1 0.514303 0.780128 0.066587 0.128205
1 0.484135 0.600160 0.083654 0.120192
1 0.353365 0.826603 0.084615 0.126282
1 0.279447 0.814263 0.072837 0.122115
1 0.210697 0.793910 0.061298 0.114744
1 0.233534 0.721635 0.091587 0.065064
1 0.319712 0.734615 0.088462 0.094872
1 0.368149 0.708814 0.092067 0.078526
1 0.236659 0.562500 0.080529 0.060897
1 0.246034 0.640064 0.052644 0.112821
1 0.288702 0.633333 0.054327 0.107692
1 0.316226 0.627083 0.075240 0.103526
